
bank : "REC::Calorimeter"

3   0   7   1   1   0.138466   199.942   724.666   0   138.836    -8.0355     707.382    144.938   -8.94456   705.504   13185.1   43963.1   34945.8   1   4   2   0   25.82   3.14135   0
12   0   7   1   4   0.0669841   201.502   756.421   0   153.696    -15.7722     736.42    157.072   -13.0657   735.433   7172.34   69673.2   73333.5   1   2   2   0   33.1883   28.2629   0
13   0   7   1   7   0.171882   202.307   775.224   0   160.457    -21.1559     753.758    163.173   -15.9038   753.015   8221.75   24293.3   21076.7   3   1   2   48.7793   0   14.248   0
0   4   7   1   1   0.0499498   199.253   0   0   129.478    -0.840086     711.745    0   0   0   19508.2   43963.1   99850   1   4   1   5.04871e-29   25.82   1.29247e-26   0
1   5   7   1   1   0.100472   201.333   0   0   131.059    -23.9147     711.008    0   0   0   19508.2   94908.5   18662.7   1   1   2   5.04871e-29   0   7.43277   -12857
2   6   7   1   1   0.0460005   198.564   0   0   138.357    16.249     707.605    0   0   0   13185.1   52871.4   67740.6   1   2   1   0   7.69494   0   17416
4   7   7   1   1   0.10486   201.661   0   0   137.524    -24.8699     707.994    0   0   0   13185.1   94908.5   18662.7   1   1   2   0   0   7.43277   256
5   8   7   1   1   0.103323   203.883   0   0   168.036    -2.30307     693.766    0   0   0   24899.5   52871.4   18662.7   1   2   2   0   7.69494   7.43277   0
6   9   7   1   1   0.126484   201.924   0   0   167.637    -24.6952     693.952    0   0   0   24899.5   43963.1   35917.1   1   4   3   0   25.82   21.1159   256
7   10   7   1   1   0.0439314   201.241   0   0   191.303    -13.5227     682.916    0   0   0   81506.1   52871.4   35917.1   1   2   3   0   7.69494   21.1159   0
8   11   7   1   1   0.0646671   198.114   0   0   111.458    5.55409     720.148    0   0   0   14585.6   43963.1   67740.6   1   4   1   5.04871e-29   25.82   0   0
9   12   7   1   1   0.0176924   204.5   0   0   109.703    -10.3239     720.967    0   0   0   14585.6   94908.5   99850   1   1   1   5.04871e-29   0   1.29247e-26   0
10   13   7   1   1   0.110556   198.513   0   0   118.341    4.53718     716.939    0   0   0   37068.5   43963.1   67740.6   3   4   1   16.0332   25.82   0   0
11   14   7   1   1   0.0668369   204.843   0   0   119.478    -17.581     716.408    0   0   0   37068.5   94908.5   34945.8   3   1   2   16.0332   0   3.14135   0
14   15   7   6   7   0.0559908   203.15   0   0   86.6563    -88.0861     772.804    0   0   0   3852.99   124019   44559.9   1   2   1   0   35.1253   0   0
